For a given Linear System (testInstance.arff ) with features : 
 

 avg-diag-dist : 2408.001
 nnz : 24809
 norm1 : 2270087
 col-variability : 28.94268
 min-nnzeros-per-row : 2
 row-variability : 26.49182
 n-nonzero-diags : 7953
 kappa : 173.7511


Weka's good solvers by BayesNet : 135

89565283, 8793455, 91036839, 45869639, 45869638, 45869637, 47942867, 89269802, 89269803, 89269801, 89269804, 59072882, 7285381, 7285384, 59072884, 49598910, 30870721, 36025723, 36025722, 53302993, 30870720, 
64278029, 36025724, 8793456, 8793453, 17734818, 32168839, 32168838, 57331597, 95762352, 57331599, 57331598, 32168837, 88865078, 49834417, 49834419, 49834418, 88865076, 88865077, 11256942, 11256943, 11256941,
42851841, 11256944, 31459546, 17887723, 91845162, 53362206, 95762355, 12321508, 75830644, 57331600, 95762353, 43373442, 91068411, 91068410, 5890861, 85483012, 5890862, 18868444, 18868441, 18868443, 18868442, 
91068408, 47942864, 47942865, 47942866, 91068409, 8520536, 5890860, 82456576, 29030069, 95762354, 90783920, 99720138, 29030071, 29030070, 29030072, 30870723, 30870722, 26415435, 26415432, 13323659, 45869640,
36564233, 68908713, 7285382, 36564232, 7285383, 75830645, 36564234, 81986705, 29553941, 29553943, 29553942, 69654761, 29553944, 69654763, 69654762, 32168840, 90197664, 90197665, 90197666, 69654760, 37052870,
37052871, 19932321, 19932323, 19932322, 19932324, 80361466, 80361467, 80361464, 80361465, 49834420, 1216556, 38678404, 38678401, 38678402, 38678403, 32874611, 32874610, 32874612, 44114476, 44114478, 36564235,
36025721, 75830647, 75830646, 85490471, 85490470, 85490472, 18524981, 37052869, 89565283


Weka's good solvers by RF : 53
89269801, 89269804, 7285381, 7285384, 30870721, 36025723, 30870720, 17734818, 32168839, 32168838, 57331597, 95762352, 57331599, 57331598, 32168837, 11256941, 53362206, 57331600, 95762353, 91068411,
91068410, 85483012, 18868444, 18868442, 47942864, 8520536, 95762354, 29030071, 29030070, 29030072, 30870722, 13323659, 36564233, 68908713, 7285382, 36564232, 29553942, 29553944, 69654763, 69654762,
69654760, 37052870, 37052871, 19932323, 19932322, 19932324, 80361467, 80361465, 49834420, 1216556, 38678401, 38678403, 37052869


Scikit's good solvers by RF : 80

80361466, 80361467, 80361465, 36564233, 36564232, 75830644, 13323659, 75830646, 38678404, 29553943, 30870720, 29553943, 80361466, 36564232, 80361466, 80361467, 80361465, 36564233, 36564232, 75830644, 13323659, 
75830646, 38678404, 29553943, 36564232, 36564234, 37052871, 30870720, 30870720, 18868441, 89269801, 57331597, 57331599, 29030069, 17734818, 29030070, 36564232, 1216556, 89269801, 53362206, 38678401, 30870722,
88865078, 75830647, 29553941, 29553942, 29553944, 53362206, 18524981, 80361465, 12321508, 37052870, 89269804, 80361466, 80361464, 18868444, 1216556, 38678401, 17734818, 30870721, 30870720, 18868441, 36564232,
75830644, 13323659, 75830646, 57331598, 30870722, 30870720, 80361466, 80361467, 80361465, 36564233, 36564232, 75830644, 13323659, 75830646, 38678404, 29553943, 80361466


Scikit's good solvers bt Decision Trees : 89
80361466, 80361467, 80361465, 36564233, 36564232, 75830644, 13323659, 75830646, 38678404, 29553943, 68908713, 30870720, 91068410, 29553943, 80361466, 36564232, 80361466, 80361467, 80361465, 36564233, 36564232,
75830644, 13323659, 75830646, 38678404, 29553943, 36564232, 36564234, 37052871, 68908713, 68908713, 30870720, 91068410, 30870720, 68908713, 18868441, 89269801, 57331597, 57331599, 17734818, 29030070, 36564232,
1216556, 89269801, 53362206, 38678401, 30870722, 49834419, 49834418, 75830647, 29553941, 29553942, 29553944, 91036839, 53362206, 18524981, 80361465, 37052870, 89269804, 80361466, 80361464, 18868444, 91068410,
1216556, 38678401, 17734818, 30870721, 30870720, 18868441, 36564232, 75830644, 13323659, 75830646, 57331598, 68908713, 30870722, 30870720, 91068410, 80361466, 80361467, 80361465, 36564233, 36564232, 75830644,
13323659, 75830646, 38678404, 29553943, 80361466


Weka's good solvers by ADT : 0